4
30
49
74
76
86
88
98
108
115
130
145
175
177
182
189
190
194
197
208
258
275
279
287
302
312
319
322
350
356
357
372
394
410
411
411
430
436
457
464
470
492
514
531
535
547
548
552
559
592
619
629
633
635
636
656
668
670
671
671
675
695
695
695
707
724
730
762
776
801
802
808
833
859
902
909
933
935
938
941
942
944
953
959
975
979
990
1003
1023
1028
1033
1062
1087
1089
1095
1103
1104
1131
1131
1147
1173
1186
1206
1223
1235
1241
1241
1259
1260
1261
1277
1277
1304
1315
1324
1330
1331
1336
1340
1352
1361
1369
1381
1392
1397
1400
1429
1436
1441
1444
1445
1447
1450
1456
1494
1510
1511
1527
1540
1541
1550
1550
1566
1573
1574
1575
1583
1583
1589
1597
1642
1646
1650
1652
1661
1665
1694
1694
1703
1731
1754
1758
1771
1812
1826
1846
1853
1860
1869
1875
1876
1885
1891
1896
1906
1916
1940
1953
1956
1981
1991
2001
2007
2017
2018
2027
2035
2049
2066
2071
2086
2101
2106
2107
2108
2113
2114
2121
2124
2130
2184
2197
2214
2229
2243
2278
2280
2297
2308
2310
2326
2334
2345
2346
2358
2361
2367
2377
2382
2388
2390
2421
2431
2454
2460
2464
2465
2496
2510
2518
2521
2545
2570
2580
2585
2591
2599
2611
2619
2622
2635
2636
2636
2636
2641
2656
2702
2709
2712
2717
2723
2732
2745
2762
2767
2771
2774
2805
2805
2815
2846
2847
2852
2857
2858
2858
2862
2870
2892
2899
2902
2908
2913
2918
2921
2924
2942
2951
2994
3001
3010
3031
3063
3065
3077
3087
3094
3127
3130
3132
3138
3162
3183
3191
3199
3204
3226
3230
3238
3271
3304
3306
3315
3321
3322
3326
3336
3342
3349
3351
3355
3358
3364
3388
3393
3405
3407
3428
3446
3448
3448
3463
3469
3480
3490
3495
3500
3507
3512
3513
3522
3530
3572
3573
3577
3594
3595
3601
3613
3617
3617
3623
3625
3654
3672
3683
3707
3756
3771
3774
3782
3816
3826
3831
3837
3843
3856
3864
3872
3896
3913
3924
3927
3945
3947
3958
3967
3972
3980
3986
3991
4007
4013
4022
4025
4067
4071
4092
4099
4118
4119
4127
4128
4132
4139
4150
4154
4165
4165
4173
4179
4183
4191
4195
4206
4213
4242
4260
4260
4263
4283
4304
4307
4340
4345
4354
4357
4372
4373
4377
4377
4384
4403
4409
4411
4428
4430
4469
4473
4476
4478
4482
4512
4516
4518
4519
4540
4544
4570
4580
4585
4587
4602
4605
4612
4645
4655
4661
4667
4668
4668
4703
4710
4712
4712
4723
4727
4732
4734
4737
4752
4754
4770
4771
4782
4786
4801
4818
4830
4833
4844
4847
4860
4867
4882
4885
4900
4906
4919
4919
4944
4947
4962
4982
5044
5048
5056
5065
5068
5077
5083
5095
5106
5117
5124
5127
5130
5133
5134
5136
5153
5162
5165
5167
5174
5178
5198
5204
5225
5235
5252
5276
5300
5308
5314
5323
5326
5342
5366
5366
5379
5385
5392
5465
5473
5476
5487
5498
5506
5522
5536
5538
5556
5564
5566
5585
5589
5593
5597
5598
5600
5609
5611
5617
5632
5635
5648
5654
5656
5671
5685
5691
5700
5718
5718
5733
5737
5738
5740
5752
5753
5754
5761
5783
5787
5817
5821
5826
5838
5851
5854
5882
5885
5886
5890
5902
5918
5929
5975
5977
5988
5991
6025
6025
6029
6035
6058
6075
6081
6084
6088
6106
6109
6110
6120
6121
6122
6122
6130
6143
6161
6172
6199
6199
6210
6212
6225
6262
6274
6294
6300
6323
6337
6360
6360
6367
6370
6391
6395
6398
6407
6413
6415
6445
6464
6465
6465
6467
6477
6494
6504
6520
6521
6526
6548
6551
6569
6572
6586
6589
6591
6591
6599
6601
6601
6602
6602
6624
6626
6632
6633
6656
6656
6678
6678
6681
6681
6692
6720
6722
6725
6738
6744
6749
6770
6782
6785
6826
6833
6837
6843
6850
6862
6865
6872
6886
6896
6914
6916
6920
6929
6936
6946
6954
6966
6988
7006
7009
7019
7044
7058
7063
7064
7070
7087
7091
7099
7110
7112
7133
7134
7135
7150
7159
7160
7160
7161
7171
7189
7209
7218
7231
7238
7243
7249
7250
7251
7269
7281
7283
7287
7290
7304
7315
7329
7330
7352
7355
7357
7369
7402
7405
7410
7415
7421
7425
7438
7443
7451
7452
7453
7461
7485
7493
7494
7495
7499
7500
7510
7515
7532
7535
7544
7564
7579
7580
7583
7587
7594
7618
7629
7639
7655
7659
7659
7659
7664
7675
7719
7746
7752
7776
7776
7777
7797
7824
7846
7884
7892
7903
7904
7923
7952
7968
7972
7991
8028
8083
8090
8101
8123
8124
8137
8145
8155
8165
8175
8201
8211
8225
8235
8257
8258
8283
8295
8321
8335
8336
8353
8355
8360
8369
8371
8379
8406
8415
8423
8423
8437
8447
8451
8466
8468
8481
8485
8486
8491
8500
8504
8505
8528
8531
8542
8544
8557
8566
8567
8573
8576
8581
8581
8589
8594
8654
8660
8664
8669
8671
8683
8683
8692
8720
8721
8733
8740
8744
8746
8751
8762
8765
8775
8784
8796
8799
8800
8810
8838
8845
8847
8853
8872
8876
8879
8879
8925
8933
8938
8944
8952
8963
8964
8966
8977
8978
8979
9000
9010
9023
9029
9039
9045
9045
9060
9064
9075
9079
9085
9091
9113
9127
9128
9130
9142
9152
9164
9168
9180
9191
9207
9210
9216
9219
9237
9259
9268
9269
9277
9284
9285
9307
9313
9326
9327
9335
9348
9364
9385
9391
9393
9396
9397
9410
9419
9422
9425
9433
9447
9450
9457
9465
9465
9467
9471
9472
9482
9488
9490
9493
9496
9496
9502
9513
9540
9554
9562
9573
9575
9592
9609
9628
9662
9666
9667
9680
9686
9697
9698
9699
9714
9718
9724
9728
9730
9747
9747
9757
9761
9774
9778
9784
9802
9805
9809
9820
9831
9832
9836
9843
9858
9861
9864
9865
9873
9889
9894
9900
9902
9907
9911
9913
9924
9943
9948
9949
9970
9973
9974
9976
9988
9989
