1336
5929
4580
9894
8746
5065
5609
7618
8576
4982
3672
7824
1429
258
7776
4260
8853
7532
8123
4092
30
6886
8664
1028
1095
3349
6929
8505
9724
7659
3623
2774
4307
6872
6367
8581
6601
2229
1694
3405
9113
3831
6862
9686
3594
9060
8437
8355
5048
4476
7659
1103
6415
8933
3625
3304
2717
9075
4022
4283
9843
6988
9757
6678
2421
3856
4191
2106
7209
2712
9889
5977
3351
8028
5821
411
8447
9809
5740
464
9943
5095
4132
5600
4540
350
9562
5252
4519
4067
6494
4605
8733
108
5754
4345
7777
8784
675
5991
7355
4518
671
2641
1277
5988
6477
3512
5598
7161
1646
9467
8485
5308
2994
5882
6110
5174
8660
8671
3507
6843
6199
9064
762
8528
4668
2805
9085
4482
4118
9865
8415
2570
3031
1450
7991
5635
9285
2124
4071
5733
3063
6212
4384
548
724
9277
7231
6865
7133
7443
4263
6850
182
9609
9831
9045
5326
197
6601
7510
9832
2942
6599
9335
6130
9496
9259
2858
1186
98
3183
6370
4119
7421
6294
9836
7425
8879
9907
189
8124
7070
5752
4154
3896
2899
1510
1241
5854
933
9554
3495
3980
2001
5700
7972
3448
3707
9573
2454
74
5611
5902
4900
941
2113
6504
2358
1906
2771
6029
5597
7112
6722
629
1642
6916
5153
7639
7500
9697
3364
6081
4944
9911
1860
2334
7952
9433
4127
2702
1573
1754
7269
4727
3393
8925
514
2108
6526
9269
5753
3872
6120
9805
3771
7044
9718
1147
9513
3463
5522
4150
9948
5656
1575
7006
8360
3683
3204
8654
9714
4754
5671
9410
2709
49
3924
2521
5476
8692
1566
1003
3577
7091
6744
2545
833
2951
3500
1541
5886
7238
3322
1381
9913
4025
3132
2007
3843
7746
2745
7452
6633
9730
6954
5566
9698
1023
4830
7495
6398
6521
1574
7564
9667
6210
6300
5204
5314
2913
2518
9307
3306
2361
6749
1953
4428
635
4712
2858
5127
6075
3816
8083
9039
7583
5323
6548
9747
8938
9472
5718
5632
9207
2101
3469
4354
2622
1846
6591
1447
7410
2908
7629
4782
1981
9490
859
4260
8566
4585
5044
3986
9023
7515
5379
2377
4770
1826
9447
4206
3087
7494
2431
7405
4906
9216
4882
6602
5077
5556
2346
4833
4645
2114
9873
4655
6122
5585
6035
9949
6966
4516
430
130
3490
6936
5890
9164
7315
4602
1583
2870
9130
8581
6025
9237
9988
1089
9699
8235
8683
4099
5342
9482
4847
6084
302
8451
1304
4430
9396
4473
5975
2591
8594
6681
3162
7797
9540
7290
6360
7330
2464
5083
9973
8721
319
5851
5225
2049
145
670
6395
531
8589
7357
7087
8964
7287
5235
2656
8295
356
8406
4165
8531
671
8155
1261
1583
3774
801
6225
177
8257
3342
9127
8963
9327
5593
4469
9168
7846
4139
3010
8669
633
411
8573
5300
9029
2460
8542
2326
1853
7594
8466
1527
5685
938
5783
1173
208
3191
4962
3238
8744
9397
6586
6681
4544
9348
5838
1331
1436
9425
1661
9989
3448
5130
6467
4732
1758
3326
7675
7058
8876
3315
6602
547
9393
6262
7250
8977
3782
3199
7415
2496
6785
2862
7189
9326
4712
1956
5392
802
6626
2086
2815
3001
2852
9575
2184
9191
457
6632
8740
3428
9493
4947
2018
7171
5617
5691
8944
7579
4411
3094
776
8258
287
2310
1494
695
8101
6122
3321
7304
8810
9180
5761
5136
1392
2921
8201
2599
2066
9128
2510
279
8371
5134
1315
909
86
9091
9662
2857
1131
9465
2636
6109
6656
8879
9142
9680
7283
8845
2619
4587
8137
8504
2611
7134
3756
7499
7369
3065
1206
372
6465
4373
2805
7451
4179
7019
6770
5117
8952
9628
8751
6520
1550
357
9774
2382
4737
1540
6407
322
275
9502
7110
312
4786
9924
4667
3336
4710
7580
8379
76
1916
2902
1241
6572
5817
6837
6725
4183
4860
9784
7009
1869
88
9976
9450
9900
6199
1652
975
5366
944
3572
668
1550
2017
4013
9284
5198
1731
9219
695
7968
3617
8491
4304
935
1885
592
9422
3945
4173
2918
2214
4818
394
7063
3388
6896
5648
1771
115
7329
3138
7064
8775
2580
3837
1369
6106
2130
3226
6833
5068
6143
1891
6720
8321
7903
5918
2732
6591
7281
5167
9465
1400
7159
2243
7776
1650
808
2762
8796
1361
4512
7904
5564
1511
6413
3573
9802
2367
9496
6589
7251
3947
3913
7243
6121
1352
1444
9268
9747
8557
2767
2847
6337
8978
6465
3595
5787
3617
7160
656
6025
7923
9079
4
9045
6656
436
4844
9858
1940
3522
3613
9974
3513
5165
7485
695
1703
2278
3530
492
3077
7655
6692
5056
5885
1875
3654
8225
7453
8165
4242
6914
8468
8481
1597
3446
9778
636
552
4195
5738
8335
4801
4372
4403
8211
7352
4919
8966
559
5473
9000
6678
3355
902
2388
1235
2390
8423
4128
2071
3826
1104
1340
9391
9364
8423
4734
6826
8336
4377
9471
4612
5506
6172
9385
4919
8145
619
1259
7535
1033
4478
9820
8500
3407
7135
3480
6464
7659
8765
5385
1589
5538
4867
4357
9592
3991
8486
5487
9210
9419
4771
730
4752
6088
8567
5718
6738
1694
4723
175
2636
707
2465
5826
6624
3967
9761
7493
1991
1277
953
190
2297
2197
1062
7461
7752
9152
3230
3958
1397
6058
1456
8283
5589
5162
9457
535
3130
4570
7884
2636
8847
9010
6323
8544
6920
6782
3601
5737
6360
6569
9728
8979
2121
8799
5498
2345
2107
7587
1223
5654
990
942
4409
7099
194
8872
7249
4661
9666
1330
8720
5124
1131
470
2846
979
4377
4668
4165
2308
7892
4885
3864
2892
2585
7544
5133
7160
2723
1896
4340
7402
1324
4007
5366
8683
8175
3972
8090
2280
7438
7719
8369
7150
8353
9864
6161
2924
6946
9488
410
7218
8838
6391
4213
4703
3271
1445
1441
5276
6274
959
6445
3927
6551
1665
1812
5465
1087
9861
5178
3127
8762
5536
5106
1260
9313
9902
7664
8800
1876
2635
9970
2035
2027
3358
