45349
29485
66210
56111
59770
37338
60998
12232
97045
13852
29530
44710
61897
91980
94183
19472
54031
85332
20658
50177
22129
29242
86715
63176
79027
7758
40049
85063
67967
73357
41055
5002
63623
70164
56708
7020
63619
78593
70245
63693
76304
9614
98066
31948
38803
90167
60002
94127
5716
97819
32043
43093
33275
22317
21635
18747
46410
54501
44824
65240
16861
28905
51809
93044
99342
75340
42867
98133
69739
66952
40168
11718
84388
87430
32637
28284
32757
78478
90820
87150
87144
70117
56609
63283
62530
41060
48727
56851
87273
4115
89034
57776
51102
62482
46985
1498
40670
36791
20000
25235
94933
19876
16033
80217
12706
76511
81286
54665
22964
68743
20797
14760
84815
53930
92548
76393
18545
72241
16780
79185
81701
13127
31327
46072
94977
26134
41127
76718
91408
20467
55411
41048
9448
79793
79663
10415
75549
4089
31065
88222
25101
78641
75941
79258
91929
61901
45640
67563
56038
78425
73293
56363
76855
984
8081
60391
54998
6715
5916
30884
59376
96274
65839
36588
28478
72010
80002
20310
4730
81457
91724
99871
89075
45864
10934
84751
9267
9902
19192
35272
79803
68386
7545
99890
94104
48586
29593
27952
30154
52541
19484
70210
69785
92869
19897
47509
28667
87618
88680
89156
69204
15009
4407
16910
21779
67272
70937
77870
71067
84311
28981
10185
73713
92513
18658
59137
61151
21825
1273
48028
47174
25060
40730
48176
3625
77432
65511
85450
89612
91409
80581
66932
19707
42264
75336
10615
34837
63057
78418
13498
95912
34309
43194
99002
54718
63225
8670
43307
69165
20113
69830
92048
20772
75500
8641
43745
61036
60457
82366
94385
60373
54780
39409
8813
58375
92913
34509
8839
17368
65905
44960
45486
62599
89154
47375
53308
51856
376
593
68415
54909
49923
94473
28692
38908
46539
66601
64591
49692
25540
59347
31971
50968
13645
88253
34644
33377
74846
19389
33610
33733
35149
8080
42385
11021
474
34357
63416
10255
1668
81486
29256
7869
23323
43094
73985
73035
98960
11715
75318
98176
84159
96974
75889
48882
51347
45158
13415
58547
85190
83595
63729
46294
95936
93044
28158
68047
9543
19212
77217
20134
38062
70518
96380
2379
81508
13460
66402
13359
63313
69119
50683
94364
55463
34854
55202
60571
6569
3686
72727
58006
46346
30593
22368
63163
3387
99691
47910
98401
39579
79186
44029
70811
74186
12037
38064
54758
43340
79408
66958
29088
16576
91300
53820
48798
71055
4111
6694
77964
6237
38482
33277
35800
67017
72389
89661
10960
31749
14238
58611
80541
13019
18647
83441
29704
13749
93631
67284
5431
78879
62038
84312
53690
83811
82413
39462
83069
4778
4836
56222
69971
23439
35849
68313
70517
28255
13221
40315
32562
88564
46103
44812
7536
93805
59020
79165
46335
69943
89202
13687
26063
7922
25897
24863
95145
64829
47594
82161
43195
27497
8526
25065
98978
60330
49303
88125
34929
94484
58245
6193
9865
53830
89720
59375
12945
54678
53731
97881
81336
60864
27029
20567
51685
23532
177
67841
71199
85849
67280
29518
37998
86892
85522
61265
62364
56045
80148
49504
40610
49544
47236
63922
11528
44150
11359
89191
21700
69449
28150
33085
60453
29912
82829
66834
37825
40581
24901
65417
69616
76156
96524
80396
2486
12237
57458
95981
58990
19607
83038
90222
7573
57721
13268
47487
65735
1906
60933
45904
25979
30298
44529
73934
53546
91208
97833
13988
42635
69281
22123
67791
33436
69763
89309
88150
86229
44182
74693
24838
80716
87835
96545
88501
58891
49785
66415
85828
57946
9407
8827
81635
86090
90048
91948
99102
78597
4
21849
78093
34020
13718
92109
73292
71225
32071
47870
88848
66741
89548
18759
14266
28899
8263
98725
47489
40336
34024
2438
65440
53648
28059
7703
29704
56347
29461
1253
95619
30711
48086
81320
26748
21771
95388
34537
3479
92333
11527
97004
54492
87856
1105
29800
32855
55894
47037
87683
4728
64996
32277
36476
17967
46114
62520
79322
70349
35949
49510
84994
2722
36124
84192
72406
1059
14686
1738
94681
3233
67145
16290
83392
71239
23110
82356
59014
7702
31565
21838
87144
66632
82915
40975
61740
32803
29154
49861
26364
21455
44860
88676
2378
80700
31200
59422
79037
62613
2708
59687
34610
65857
12333
15882
99911
42630
64114
17330
46094
5755
34783
59783
77013
67956
75715
17170
33202
94687
94867
73725
69234
54272
24687
65230
49196
4751
66444
97640
15987
65451
64045
34179
29372
83178
1113
67858
34953
17807
33940
25358
21671
40165
69932
80342
48947
56270
76225
89572
76286
46305
56402
3490
7890
34141
64561
44514
72775
83814
35497
90894
96935
53041
97308
51704
88191
20641
98500
69460
46741
44737
25496
40864
34751
1630
8415
3242
86916
1432
13117
94589
20564
75883
95702
58425
8648
86210
52012
31228
11917
4434
29147
19822
27537
80248
78632
48840
658
17401
21562
34278
62645
48435
64906
18149
5164
14746
55152
81380
72777
30057
80522
37355
58439
29786
36269
96856
16010
86168
48852
86717
61834
99593
14328
99057
23489
60309
43809
45786
7916
11431
24666
93909
3498
34189
99889
61173
997
19351
40093
58735
16832
84995
32675
77766
28848
50116
40905
30323
89471
75956
92051
71259
64101
42574
38125
47649
53592
36804
95416
44900
98860
89614
9743
24624
32914
15778
13137
78348
41040
76874
34714
53274
13399
9804
3530
41523
25941
37312
34479
62736
65341
4498
19618
11341
21586
65792
56780
84463
7825
80632
34945
54229
31325
62842
61534
99017
31601
68698
60693
62313
22228
1689
93521
64865
21380
58214
51394
56156
32781
37742
51671
54544
43559
93417
21477
91950
38398
4657
89696
48598
90401
11980
19928
36048
78274
66112
7851
62677
96682
8384
35334
94726
72081
17448
20562
8190
69822
28610
28561
12069
80032
56306
9733
11887
99509
27765
15349
73862
84827
66410
98437
44790
37844
47294
46072
80395
98994
83625
4820
35839
66010
93431
54945
76047
26145
38445
60921
70645
88489
23500
75932
48567
29653
94033
6236
760
20840
71738
47631
35920
87286
23979
90736
13831
62049
71261
54383
3605
35287
98884
47148
40048
67480
53820
75901
80323
30432
75951
17229
95262
63424
33986
42650
64897
83584
10675
41830
86172
69276
9406
19271
42321
43251
34819
49495
27968
18351
33771
63298
71845
32658
69793
3367
49820
93353
44139
31447
34976
68867
69571
91162
88615
17519
49240
